0   1    5.0
1   2    5.0
2   3    5.0
3   4    5.0
4   5    5.0
12  13    5.0
13  14    5.0
14  15    5.0
15  16    5.0
16  17    5.0
6   7    3.0
7   8    3.0
8   9    3.0
9  10    3.0
10  11    3.0
0   6    4.0
12   6    4.0
1   6    6.0
13   6    6.0
1   7    4.0
13   7    4.0
14   7    6.0
2   7    6.0
14   8    4.0
2   8    4.0
15   8    6.0
3   8    6.0
15   9    4.0
16   9    6.0
3   9    4.0
4   9    6.0
16  10    4.0
17  10    6.0
4  10    4.0
5  10    6.0
5  11    4.0
17  11    4.0
-1